	.word	100000,1134, 100122,1140, 100244,1144, 100366,1150
	.word	100510,1154, 100632,1160, 100754,1164, 101076,1170
	.word	101220,1174, 101342,1200, 101464,1204, 101606,1210
	.word	101730,1214, 102052,1220, 102174,1224, 102316,1230
	.word	102440,1234, 102562,1240, 102704,1244, 103026,1250
	.word	103150,1254, 103272,1260, 103414,1264, 103536,1270
	.word	103660,1274, 104002,1300, 104124,1304, 104246,1310
	.word	104370,1314, 104512,1320, 104634,1324, 104756,1330
	.word	105100,1334, 105222,1340, 105344,1344, 105466,1350
	.word	105610,1354, 105732,1360, 106054,1364, 106176,1370
	.word	106320,1374, 106442,1400, 106564,1404, 106706,1410
	.word	107030,1414, 107152,1420, 107274,1424, 107416,1430
	.word	107540,1434, 107662,1440, 110004,1444, 110126,1450
	.word	110250,1454, 110372,1460, 110514,1464, 110636,1470
	.word	110760,1474, 111102,1500, 111224,1504, 111346,1510
	.word	111470,1514, 111612,1520, 111734,1524, 112056,1530
	.word	112200,1534, 112322,1540, 112444,1544, 112566,1550
	.word	112710,1554, 113032,1560, 113154,1564, 113276,1570
	.word	113420,1574, 113542,1600, 113664,1604, 114006,1610
	.word	114130,1614, 114252,1620, 114374,1624, 114516,1630
	.word	114640,1634, 114762,1640, 115104,1644, 115226,1650
	.word	115350,1654, 115472,1660, 115614,1664, 115736,1670
	.word	116060,1674, 116202,1700, 116324,1704, 116446,1710
	.word	116570,1714, 116712,1720, 117034,1724, 117156,1730
	.word	117300,1734, 117422,1740, 117544,1744, 117666,1750
	.word	120010,1754, 120132,1760, 120254,1764, 120376,1770
	.word	120520,1774, 120642,2000, 120764,2004, 121106,2010
	.word	121230,2014, 121352,2020, 121474,2024, 121616,2030
	.word	121740,2034, 122062,2040, 122204,2044, 122326,2050
	.word	122450,2054, 122572,2060, 122714,2064, 123036,2070
	.word	123160,2074, 123302,2100, 123424,2104, 123546,2110
	.word	123670,2114, 124012,2120, 124134,2124, 124256,2130
	.word	124400,2134, 124522,2140, 124644,2144, 124766,2150
	.word	125110,2154, 125232,2160, 125354,2164, 125476,2170
	.word	125620,2174, 125742,2200, 126064,2204, 126206,2210
	.word	126330,2214, 126452,2220, 126574,2224, 126716,2230
	.word	127040,2234, 127162,2240, 127304,2244, 127426,2250
	.word	127550,2254, 127672,2260, 130014,2264, 130136,2270
	.word	130260,2274, 130402,2300, 130524,2304, 130646,2310
	.word	130770,2314, 131112,2320, 131234,2324, 131356,2330
	.word	131500,2334, 131622,2340, 131744,2344, 132066,2350
	.word	132210,2354, 132332,2360, 132454,2364, 132576,2370
	.word	132720,2374, 133042,2400, 133164,2404, 133306,2410
	.word	133430,2414, 133552,2420, 133674,2424, 134016,2430
	.word	134140,2434, 134262,2440, 134404,2444, 134526,2450
	.word	134650,2454, 134772,2460, 135114,2464, 135236,2470
	.word	135360,2474, 135502,2500, 135624,2504, 135746,2510
	.word	136070,2514, 136212,2520, 136334,2524, 136456,2530
	.word	136600,2534, 136722,2540, 137044,2544, 137166,2550
	.word	137310,2554, 137432,2560, 137554,2564, 137676,2570
	.word	140020,2574, 140142,2600, 140264,2604, 140406,2610
	.word	140530,2614, 140652,2620, 140774,2624, 141116,2630
	.word	141240,2634, 141362,2640, 141504,2644, 141626,2650
	.word	141750,2654, 142072,2660, 142214,2664, 142336,2670
	.word	142460,2674, 142602,2700, 142724,2704, 143046,2710
	.word	143170,2714, 143312,2720, 143434,2724, 143556,2730
	.word	143700,2734, 144022,2740, 144144,2744, 144266,2750
	.word	144410,2754, 144532,2760, 144654,2764, 144776,2770
	.word	145120,2774, 145242,3000, 145364,3004, 145506,3010
	.word	145630,3014, 145752,3020, 146074,3024, 146216,3030
	.word	146340,3034, 146462,3040, 146604,3044, 146726,3050
	.word	147050,3054, 147172,3060, 147314,3064, 147436,3070
	.word	147560,3074, 147702,3100, 150024,3104, 150146,3110
	.word	150270,3114, 150412,3120, 150534,3124, 150656,3130
	.word	151000,3134, 151122,3140, 151244,3144, 151366,3150
	.word	151510,3154, 151632,3160, 151754,3164, 152076,3170
	.word	152220,3174, 152342,3200, 152464,3204, 152606,3210
	.word	152730,3214, 153052,3220, 153174,3224, 153316,3230
	.word	153440,3234, 153562,3240, 153704,3244, 154026,3250
	.word	154150,3254, 154272,3260, 154414,3264, 154536,3270
	.word	154660,3274, 155002,3300, 155124,3304, 155246,3310
	.word	155370,3314, 155512,3320, 155634,3324, 155756,3330


	.word	100000, 100050, 100120, 100170, 100240, 100310, 100360, 100430, 100500, 100550, 100620, 100670, 100740, 101010, 101060, 101130
	.word	101200, 101250, 101320, 101370, 101440, 101510, 101560, 101630, 101700, 101750, 102020, 102070, 102140, 102210, 102260, 102330
	.word	102400, 102450, 102520, 102570, 102640, 102710, 102760, 103030, 103100, 103150, 103220, 103270, 103340, 103410, 103460, 103530
	.word	103600, 103650, 103720, 103770, 104040, 104110, 104160, 104230, 104300, 104350, 104420, 104470, 104540, 104610, 104660, 104730
	.word	105000, 105050, 105120, 105170, 105240, 105310, 105360, 105430, 105500, 105550, 105620, 105670, 105740, 106010, 106060, 106130
	.word	106200, 106250, 106320, 106370, 106440, 106510, 106560, 106630, 106700, 106750, 107020, 107070, 107140, 107210, 107260, 107330
	.word	107400, 107450, 107520, 107570, 107640, 107710, 107760, 110030, 110100, 110150, 110220, 110270, 110340, 110410, 110460, 110530
	.word	110600, 110650, 110720, 110770, 111040, 111110, 111160, 111230, 111300, 111350, 111420, 111470, 111540, 111610, 111660, 111730
	.word	112000, 112050, 112120, 112170, 112240, 112310, 112360, 112430, 112500, 112550, 112620, 112670, 112740, 113010, 113060, 113130
	.word	113200, 113250, 113320, 113370, 113440, 113510, 113560, 113630, 113700, 113750, 114020, 114070, 114140, 114210, 114260, 114330
	.word	114400, 114450, 114520, 114570, 114640, 114710, 114760, 115030, 115100, 115150, 115220, 115270, 115340, 115410, 115460, 115530
	.word	115600, 115650, 115720, 115770, 116040, 116110, 116160, 116230, 116300, 116350, 116420, 116470, 116540, 116610, 116660, 116730
	.word	117000, 117050, 117120, 117170, 117240, 117310, 117360, 117430, 117500, 117550, 117620, 117670, 117740, 120010, 120060, 120130
	.word	120200, 120250, 120320, 120370, 120440, 120510, 120560, 120630, 120700, 120750, 121020, 121070, 121140, 121210, 121260, 121330
	.word	121400, 121450, 121520, 121570, 121640, 121710, 121760, 122030, 122100, 122150, 122220, 122270, 122340, 122410, 122460, 122530
	.word	122600, 122650, 122720, 122770, 123040, 123110, 123160, 123230, 123300, 123350, 123420, 123470, 123540, 123610, 123660, 123730
	.word	124000, 124050, 124120, 124170, 124240, 124310, 124360, 124430, 124500, 124550, 124620, 124670, 124740, 125010, 125060, 125130
	.word	125200, 125250, 125320, 125370, 125440, 125510, 125560, 125630, 125700, 125750, 126020, 126070, 126140, 126210, 126260, 126330
